13210939221
13001615831
15605359092
13287953378
13256385239
13176451052
13012571653
13021628190
13047492536
15553513231
13046401762
13176940062
13255515283
15506638212
13280927690
13105215356
15553532772
13031623515
13176927837
13153530352
13210940752
13184031820
15552443223
13054540572
13256620593
13047490830
13105351251
13002739726
13176913721
15553421591
13031622625
13210940775
17658092762
18562170490
13225358625
15552202693
13256381560
13054580972
15653507956
13176940351
13225350776
13127072910
13275452835
13054501037
13047490230
13012577691
15564510261
15587365770
18553523841
15505452532
13153502287
13181600683
13280955821
17561160048
13021622151
13255510068
15605350206
17686490167
15506477632
13256909285
15666580030
13225357112
13210940835
15605452162
13275452865
16652821591
13205350761
15688630795
13184030352
13255355762
15552440982
13275350270
13156935371
15563857102
15553530682
13255531065
13280937960
13156902897
13002727917
13053527297
18554060762
15552441505
13031631153
13210932010
17606450680
13021613257
15505455953
13220916765
13105258935
17660820093
15506472390
13081637237
13054582263
13205351685
15563813390
13276385934
13053508762
13105257973
13046406793
13210941162
13047491751
17561160540
13205351627
15553690443
13188789725
13220931173
13156918727
13210940621
13181521071
13210940650
17664172969
13220930275
18561040112
13046400825
13275451583
13153501029
13153503952
15506570561
13047490350
13176383612
13181516325
15564560352
13002726912
13001617807
13176453250
